box3 : 13.111707480875241
box5 : 11.5502244657552
med3 : 13.252760997321056
med5 : 12.081944951103287
CO : 6.967274601357224
OC : 7.747978979986463
