box3 : 5.878454633473908
box5 : 5.348271677879895
med3 : 5.655823452408294
med5 : 5.316681149400154
CO : 3.6228084374361984
OC : 4.501179060665075
