box3 : 3.47739687695812
box5 : 3.059758751343267
med3 : 3.013499157903431
med5 : 2.910936250844664
CO : 1.6196379303217032
OC : 1.6135925317703406
