box3 : 1.9878408608832554
box5 : 1.6151429176625909
med3 : 1.456198544586444
med5 : 1.3851100669789163
CO : -1.325453391828544
OC : -0.9886895535370327
